2.380952379999999986e-08 6.447710679089021430e-10
2.609468639999999904e-08 7.744528549307246046e-10
2.859907209999999836e-08 9.302128236740940057e-10
3.134370220000000032e-08 1.117293576166455645e-09
3.435149309999999772e-08 1.341987133203186684e-09
3.764778530000000008e-08 1.611857297283231801e-09
4.126023870000000185e-08 1.935984410224172323e-09
4.521900639999999819e-08 2.325266088076786392e-09
4.955725829999999961e-08 2.792793494162743280e-09
5.431152740000000177e-08 3.354296117271841678e-09
5.952148219999999894e-08 4.028645695958290904e-09
6.523087299999999947e-08 4.838515788519381464e-09
7.148729519999999830e-08 5.811109082720138199e-09
7.834337419999999898e-08 6.979129077266541244e-09
8.585624680000000388e-08 8.381788180396354367e-09
9.408908809999999961e-08 1.006623435248913373e-08
1.031103079999999938e-07 1.208898037942102547e-08
1.129956919999999959e-07 1.451797379874069159e-08
1.238277290000000117e-07 1.743471860770674904e-08
1.356967330000000116e-07 2.093706101678695264e-08
1.487020989999999922e-07 2.514253217199249692e-08
1.629525000000000028e-07 3.019215632926482139e-08
1.785663669999999936e-07 3.625515490631535272e-08
1.956742879999999949e-07 4.353472534275548936e-08
2.144186570000000089e-07 5.227480660923513848e-08
2.349561649999999927e-07 6.276807775566905993e-08
2.574572169999999935e-07 7.536579500111293398e-08
2.821096910000000202e-07 9.048967548949870963e-08
3.091184240000000051e-07 1.086454359730026887e-07
3.387082140000000264e-07 1.304403686551063526e-07
3.711246179999999738e-07 1.566026545796187745e-07
4.066370939999999872e-07 1.880063964613800937e-07
4.455407369999999781e-07 2.257004741923824259e-07
4.881578589999999611e-07 2.709425848212372133e-07
5.348411750000000174e-07 3.252414136763142605e-07
5.859786909999999733e-07 3.904081805508117899e-07
6.419921819999999677e-07 4.686130022823704993e-07
7.033465129999999588e-07 5.624612015271674563e-07
7.705469540000000427e-07 6.750743737984735048e-07
8.441488799999999591e-07 8.101975794206917194e-07
9.247602609999999710e-07 9.723223904964236715e-07
1.013044870000000008e-06 1.166831911244397828e-06
1.109726890000000072e-06 1.400177108614480395e-06
1.215605790000000098e-06 1.680100293693399931e-06
1.331548320000000029e-06 2.015870093672434341e-06
1.458506089999999953e-06 2.418602969255849784e-06
1.597520089999999983e-06 2.901612346342194098e-06
1.749725979999999961e-06 3.480849733050879656e-06
1.916370090000000115e-06 4.175444246752780695e-06
2.098812299999999858e-06 5.008288311983163453e-06
2.298537790000000176e-06 6.006805792760241367e-06
2.517172950000000147e-06 7.203839059845976571e-06
2.756494099999999979e-06 8.638712447498693954e-06
3.018441300000000078e-06 1.035851463535512349e-05
3.305137180000000108e-06 1.241958306926573536e-05
3.618896779999999953e-06 1.488934854116590719e-05
3.962253769999999965e-06 1.784852779613260037e-05
4.337970820000000254e-06 2.139361473500230246e-05
4.749065119999999663e-06 2.564008753659300019e-05
5.198835460000000403e-06 3.072598473344966420e-05
5.690876259999999868e-06 3.681635336524375122e-05
6.229116929999999580e-06 4.410845953974947963e-05
6.817839430000000278e-06 5.283800143837265973e-05
7.461720139999999855e-06 6.328656330810997297e-05
8.165854260000000552e-06 7.579031266755804094e-05
8.935805989999999981e-06 9.075078371169482125e-05
9.777633079999999922e-06 1.086469369350924610e-04
1.069794320000000053e-05 1.300502636935240103e-04
1.170393800000000049e-05 1.556423093685905851e-04
1.280346130000000012e-05 1.862354020138097283e-04
1.400505489999999942e-05 2.227973301339463048e-04
1.531802130000000032e-05 2.664806048900962739e-04
1.675248709999999864e-05 3.186569702062345315e-04
1.831947299999999915e-05 3.809580050139613943e-04
2.003096220000000110e-05 4.553225072859412017e-04
2.189999329999999937e-05 5.440537817239464967e-04
2.394073720000000044e-05 6.498850516464466705e-04
2.616859629999999934e-05 7.760583266610299744e-04
2.860030009999999951e-05 9.264102976901510828e-04
3.125401729999999721e-05 1.105484264925753104e-03
3.414947000000000018e-05 1.318646031611564419e-03
3.730805530000000120e-05 1.572228816507679995e-03
4.075298250000000314e-05 1.873694954700897732e-03
4.450941140000000098e-05 2.231822333045699151e-03
4.860460589999999689e-05 2.656917361977248482e-03
5.306809140000000286e-05 3.161063359338653865e-03
5.793183390000000130e-05 3.758398206732667911e-03
6.323041609999999896e-05 4.465432613081170982e-03
6.900123659999999400e-05 5.301432690814203604e-03
7.528471579999999484e-05 6.288848419443284453e-03
8.212451299999999838e-05 7.453809083649808910e-03
8.956776009999999533e-05 8.826511245334274156e-03
9.766530510000000014e-05 1.044172119266107562e-02
1.064719719999999964e-04 1.234021278067314736e-02
1.160468320000000025e-04 1.457057261799749211e-02
1.264534880000000054e-04 1.718926993767459430e-02
1.377603779999999895e-04 2.026096332765564903e-02
1.500410839999999986e-04 2.386057487939217611e-02
1.633746670000000027e-04 2.807543411100108660e-02
1.778460029999999925e-04 3.300686089495392245e-02
1.935461459999999925e-04 3.877213323882922752e-02
2.105726909999999926e-04 4.550665620776096765e-02
2.290301650000000125e-04 5.336670740139046187e-02
2.490304129999999956e-04 6.253227607619848971e-02
2.706930160000000089e-04 7.321019947163943942e-02
2.941457069999999906e-04 8.563818328824600312e-02
3.195247970000000262e-04 1.000886859749983565e-01
3.469756149999999998e-04 1.168732241408178690e-01
3.766529620000000030e-04 1.363480620349658834e-01
4.087215529999999779e-04 1.589188734333384645e-01
4.433564809999999772e-04 1.850477876072315064e-01
4.807436799999999948e-04 2.152589396250897402e-01
5.210803830000000332e-04 2.501464707826802081e-01
5.645755880000000301e-04 2.903817981522651137e-01
6.114505130000000462e-04 3.367219877988756327e-01
6.619390519999999610e-04 3.900185892081182715e-01
7.162882210000000218e-04 4.512267495306386267e-01
7.747585949999999649e-04 5.214145314571519974e-01
8.376247270000000515e-04 6.017736015382558756e-01
9.051755559999999801e-04 6.936281708947650282e-01
9.777148030000000142e-04 7.984465886665629286e-01
1.055561329999999982e-03 9.178489452357917466e-01
1.139049500000000005e-03 1.053619128001863414e+00
1.228529450000000059e-03 1.207710837990220387e+00
1.324367460000000019e-03 1.382257364606917172e+00
1.426946139999999991e-03 1.579575916300195226e+00
1.536664660000000050e-03 1.802173169832564037e+00
1.653938989999999927e-03 2.052745552210366586e+00
1.779201999999999910e-03 2.334177896021671028e+00
1.912903569999999977e-03 2.649543996202173179e+00
2.055510689999999821e-03 3.002082351277076455e+00
2.207507440000000022e-03 3.395209750622757650e+00
2.369395020000000188e-03 3.832460299566399442e+00
2.541691640000000047e-03 4.317509414015075819e+00
2.724932429999999805e-03 4.854094792973771888e+00
2.919669279999999919e-03 5.446011724116941899e+00
3.126470650000000122e-03 6.097041178904241576e+00
3.345921270000000187e-03 6.810908671296906469e+00
3.578621949999999819e-03 7.591204667462685407e+00
3.825189110000000101e-03 8.441328050122111293e+00
4.086254539999999678e-03 9.364395821693058508e+00
4.362464879999999878e-03 1.036314718450426042e+01
4.654481210000000271e-03 1.143985711589088616e+01
4.962978540000000278e-03 1.259622761109978484e+01
5.288645300000000340e-03 1.383328840531213011e+01
5.632182759999999899e-03 1.515128564117678067e+01
5.994304479999999595e-03 1.654957941343686301e+01
6.375735649999999567e-03 1.802649569125217610e+01
6.777212480000000157e-03 1.957929889452616123e+01
7.199481540000000207e-03 2.120405306177717364e+01
7.643299109999999660e-03 2.289557358540925591e+01
8.109430449999999874e-03 2.464731504127055217e+01
8.598649119999999396e-03 2.645141419890923729e+01
9.111736299999999289e-03 2.829862597522687295e+01
9.649480040000000050e-03 3.017836197342221638e+01
1.021267460000000078e-02 3.207870071767880660e+01
1.080211969999999959e-02 3.398654888281207320e+01
1.141861970000000032e-02 3.588771173717218943e+01
1.206298329999999988e-02 3.776705466189670801e+01
1.273602230000000016e-02 3.960875692703217510e+01
1.343855130000000050e-02 4.139645877429002496e+01
1.417138689999999923e-02 4.311366414697408800e+01
1.493534720000000079e-02 4.474389511803637021e+01
1.573125070000000111e-02 4.627115956091375182e+01
1.655991630000000145e-02 4.768024735351986010e+01
1.742216229999999852e-02 4.895708077258612434e+01
1.831880599999999998e-02 5.008910247669169991e+01
1.925066300000000119e-02 5.106558522328808181e+01
2.021854660000000151e-02 5.187803698912038186e+01
2.122326769999999946e-02 5.252049039273391884e+01
2.226563390000000156e-02 5.298971305472186799e+01
2.334644899999999829e-02 5.328546534522552491e+01
2.446651290000000090e-02 5.341074278103011608e+01
2.562662099999999873e-02 5.337158085738791868e+01
2.682756370000000112e-02 5.317737950516478662e+01
2.807012609999999866e-02 5.284059367437739496e+01
2.935508790000000007e-02 5.237673383748072098e+01
3.068322260000000065e-02 5.180399284453829978e+01
3.205529759999999756e-02 5.114300048239854135e+01
3.347207359999999909e-02 5.041642706608408986e+01
3.493430480000000310e-02 4.964844445014522734e+01
3.644273809999999669e-02 4.886428760637360114e+01
3.799811339999999843e-02 4.808961470163263385e+01
3.960116290000000039e-02 4.735002968563870951e+01
4.125261139999999993e-02 4.667030990375778998e+01
4.295317579999999996e-02 4.607399896373435411e+01
4.470356510000000200e-02 4.558265697831545538e+01
4.650448050000000055e-02 4.521546807715621696e+01
4.835661470000000156e-02 4.498863595370512769e+01
5.026065229999999995e-02 4.491504328286856662e+01
5.221726969999999912e-02 4.500392253534136699e+01
5.422713490000000136e-02 4.526053783744539061e+01
5.629090719999999687e-02 4.568611592802744070e+01
5.840923779999999954e-02 4.627778286533128949e+01
6.058276929999999866e-02 4.702853002117384307e+01
6.281213559999999918e-02 4.792751965309695095e+01
6.509796240000000067e-02 4.896021238035149992e+01
6.744086670000000450e-02 5.010876756950128197e+01
6.984145699999999568e-02 5.135243622363976357e+01
7.230033349999999415e-02 5.266809352407288713e+01
7.481808789999999654e-02 5.403071931358573465e+01
7.739530329999999569e-02 5.541400347173630081e+01
8.003255480000000255e-02 5.679099380714409762e+01
8.273040900000000475e-02 5.813458033186699936e+01
8.548942430000000536e-02 5.941830627064996406e+01
8.831015100000000340e-02 6.061677187319043725e+01
9.119313099999999672e-02 6.170622492640132606e+01
9.413889870000000104e-02 6.266514494906109434e+01
9.714797999999999489e-02 6.347459702540805893e+01
1.002208930000000053e-01 6.411859209181177732e+01
1.033581489999999964e-01 6.458452196175787208e+01
1.065602499999999953e-01 6.486317218179442534e+01
1.098276910000000051e-01 6.494906575631200951e+01
1.131609600000000049e-01 6.484032328938272371e+01
1.165605370000000057e-01 6.453876439671314813e+01
1.200268939999999951e-01 6.404980028138142245e+01
1.235604990000000042e-01 6.338206607173837170e+01
1.271618079999999873e-01 6.254743917517107832e+01
1.308312729999999979e-01 6.156057826585115578e+01
1.345693390000000100e-01 6.043851769055356016e+01
1.383764429999999879e-01 5.920037908608658483e+01
1.422530170000000094e-01 5.786687610093738243e+01
1.461994829999999912e-01 5.645990104950791277e+01
1.502162609999999898e-01 5.500201323550505350e+01
1.543037600000000120e-01 5.351604243061090926e+01
1.584623860000000106e-01 5.202461877129464085e+01
1.626925369999999982e-01 5.054970745562616230e+01
1.669946059999999899e-01 4.911232960022470451e+01
1.713689790000000046e-01 4.773205727924684538e+01
1.758160370000000083e-01 4.642680536149413228e+01
1.803361529999999990e-01 4.521253703007291591e+01
1.849296970000000040e-01 4.410299129808925045e+01
1.895970319999999987e-01 4.310960933839606213e+01
1.943385149999999895e-01 4.224133371173646623e+01
1.991544990000000126e-01 4.150461518216388868e+01
2.040453289999999975e-01 4.090334835381555934e+01
2.090113480000000135e-01 4.043897171989980421e+01
2.140528909999999951e-01 4.011045230908982262e+01
2.191702899999999898e-01 3.991456303745059131e+01
2.243638699999999930e-01 3.984587756456343044e+01
2.296339530000000018e-01 3.989705699885632839e+01
2.349808549999999885e-01 4.005903725769559998e+01
2.404048870000000115e-01 4.032130488439260319e+01
2.459063559999999926e-01 4.067205337932487197e+01
2.514855639999999948e-01 4.109849000992353751e+01
2.571428090000000277e-01 4.158716490484385275e+01
2.628783840000000205e-01 4.212404926160706964e+01
2.686925780000000152e-01 4.269493065060667902e+01
2.745856760000000008e-01 4.328562822887268169e+01
2.805579579999999962e-01 4.388214037546666191e+01
2.866096989999999956e-01 4.447088857523046812e+01
2.927411730000000212e-01 4.503891361982496733e+01
2.989526479999999875e-01 4.557401196562492629e+01
3.052443870000000059e-01 4.606488028017442105e+01
3.116166510000000223e-01 4.650124600298038047e+01
3.180696969999999846e-01 4.687391304779146139e+01
3.246037780000000095e-01 4.717485634055680066e+01
3.312191429999999936e-01 4.739720944852967932e+01
3.379160379999999742e-01 4.753547714966961735e+01
3.446947040000000184e-01 4.758522583835430453e+01
3.515553820000000274e-01 4.754337791605162522e+01
3.584983050000000171e-01 4.740787453407978091e+01
3.655237069999999755e-01 4.717792473027826361e+01
3.726318160000000046e-01 4.685376036332130667e+01
3.798228570000000137e-01 4.643660031833778845e+01
3.870970530000000243e-01 4.592857568622414988e+01
3.944546230000000042e-01 4.533267155495951073e+01
4.018957830000000064e-01 4.465260470310200702e+01
4.094207480000000010e-01 4.389274524474441108e+01
4.170297259999999895e-01 4.305803224038388777e+01
4.247229260000000006e-01 4.215384476171097106e+01
4.325005519999999826e-01 4.118595093525046025e+01
4.403628050000000238e-01 4.016040154923665284e+01
4.483098859999999908e-01 3.908345040605483689e+01
4.563419899999999751e-01 3.796149209213862719e+01
4.644593120000000130e-01 3.680089162428139105e+01
4.726620409999999772e-01 3.560812028970376275e+01
4.809503680000000170e-01 3.438945451177242774e+01
4.893244769999999799e-01 3.315105984168793185e+01
4.977845539999999902e-01 3.189897296391801973e+01
5.063307780000000369e-01 3.063887969793599808e+01
5.149633289999999697e-01 2.937631961792546420e+01
5.236823830000000290e-01 2.811644688229758060e+01
5.324881150000000396e-01 2.686413574055520570e+01
5.413806960000000501e-01 2.562390471544435400e+01
5.503602960000000266e-01 2.439987895906403992e+01
5.594270820000000199e-01 2.319588576668599700e+01
5.685812209999999700e-01 2.201532637812984916e+01
5.778228760000000408e-01 2.086124446776647545e+01
5.871522070000000371e-01 1.973632532350620394e+01
5.965693730000000139e-01 1.864289326200527341e+01
6.060745330000000264e-01 1.758292551944597193e+01
6.156678410000000490e-01 1.655804921973444266e+01
6.253494499999999734e-01 1.556958185127805017e+01
6.351195120000000527e-01 1.461853712942927253e+01
6.449781770000000414e-01 1.370563421641763213e+01
6.549255910000000291e-01 1.283133151466850741e+01
6.649619009999999664e-01 1.199583237324871554e+01
6.750872509999999993e-01 1.119912000974086297e+01
6.853017839999999694e-01 1.044096685184220519e+01
6.956056390000000533e-01 9.720959369001670680e+00
7.059989549999999836e-01 9.038519126672195370e+00
7.164818699999999652e-01 8.392921352665059231e+00
7.270545200000000374e-01 7.783311344490583039e+00
7.377170379999999916e-01 7.208726899232873464e+00
7.484695569999999520e-01 6.668116442255114684e+00
7.593122079999999885e-01 6.160346967683151931e+00
7.702451190000000336e-01 5.684229891706875648e+00
7.812684180000000200e-01 5.238529221678687620e+00
7.923822329999999914e-01 4.821974719360269113e+00
8.035866860000000500e-01 4.433276862391407391e+00
8.148819029999999630e-01 4.071133510168256642e+00
8.262680049999999721e-01 3.734242206625987492e+00
8.377451120000000140e-01 3.421308499610169473e+00
8.493133430000000539e-01 3.131053253234515665e+00
8.609728169999999459e-01 2.862218598064929509e+00
8.727236489999999902e-01 2.613573332378527958e+00
8.845659559999999866e-01 2.383919853953698542e+00
8.964998499999999870e-01 2.172095409272578159e+00
9.085254440000000153e-01 1.976976995933242165e+00
9.206428500000000126e-01 1.797482570953044645e+00
9.328521770000000046e-01 1.632575383139599490e+00
9.451535359999999608e-01 1.481262431963263682e+00
9.575470320000000202e-01 1.342597119172241671e+00
9.700327730000000148e-01 1.215678976408893330e+00
9.826108639999999728e-01 1.099654268415430902e+00
9.952814100000000330e-01 9.937147629253685333e-01
1.008044509999999949e+00 8.970987364054168189e-01
1.020900270000000054e+00 8.090874888576085056e-01
1.033848799999999901e+00 7.290072924172834590e-01
1.046890179999999893e+00 6.562259055690016218e-01
1.060024520000000026e+00 5.901516960597279482e-01
1.073251919999999915e+00 5.302329480796026395e-01
1.086572459999999962e+00 4.759553362468084137e-01
1.099986260000000104e+00 4.268407923597729026e-01
1.113493400000000078e+00 3.824450969989598992e-01
1.127093979999999940e+00 3.423570008429493994e-01
1.140788090000000032e+00 3.061958580935693064e-01
1.154575820000000030e+00 2.736108409783464257e-01
1.168457260000000053e+00 2.442774899451961301e-01
1.182432499999999997e+00 2.178978612392619973e-01
1.196501629999999983e+00 1.941981335175495538e-01
1.210664739999999906e+00 1.729267748361367485e-01
1.224921920000000108e+00 1.538534219749370102e-01
1.239273239999999943e+00 1.367673891211079185e-01
1.253718810000000072e+00 1.214759774377975055e-01
1.268258700000000072e+00 1.078036583103307994e-01
1.282892989999999900e+00 9.559030889320482838e-02
1.297621769999999897e+00 8.469031319010460190e-02
1.312445120000000021e+00 7.497131322411862420e-02
1.327363120000000007e+00 6.631317859441551721e-02
1.342375850000000037e+00 5.860704649503613306e-02
1.357483400000000007e+00 5.175433520172373347e-02
1.372685829999999996e+00 4.566592534683593108e-02
1.387983240000000063e+00 4.026129858025825903e-02
1.403375679999999903e+00 3.546785176092391578e-02
1.418863259999999960e+00 3.122014201698295952e-02
1.434446019999999988e+00 2.745926161058619142e-02
1.450124069999999987e+00 2.413227310732213304e-02
1.465897460000000097e+00 2.119160547391604060e-02
1.481766270000000052e+00 1.859459977459084964e-02
1.497730570000000094e+00 1.630301926500715703e-02
1.513790439999999959e+00 1.428263003229619799e-02
1.529945950000000110e+00 1.250283131403743392e-02
1.546197169999999899e+00 1.093626165964683983e-02
1.562544170000000010e+00 9.558519218396982486e-03
1.578987010000000080e+00 8.347835189657242666e-03
1.595525780000000005e+00 7.284826846158595770e-03
1.612160529999999925e+00 6.352244560189722680e-03
1.628891330000000082e+00 5.534750956982699421e-03
1.645718259999999988e+00 4.818725008847061370e-03
1.662641370000000007e+00 4.192080402972216298e-03
1.679660740000000096e+00 3.644102409063959980e-03
1.696776429999999891e+00 3.165303475532828779e-03
1.713988499999999915e+00 2.747286187168288506e-03
1.731297010000000025e+00 2.382630118134409104e-03
1.748702039999999958e+00 2.064777166693528183e-03
1.766203650000000014e+00 1.787942318822737138e-03
1.783801889999999890e+00 1.547027756521830288e-03
1.801496820000000110e+00 1.337536852992064415e-03
1.819288519999999965e+00 1.155520390943046757e-03
1.837177040000000039e+00 9.974999659337748046e-04
1.855162439999999968e+00 8.604218411895634203e-04
1.873244780000000054e+00 7.416058282112803716e-04
1.891424130000000092e+00 6.387011265265057263e-04
1.909700530000000063e+00 5.496483395828924250e-04
1.928074040000000045e+00 4.726444999811379630e-04
1.946544739999999996e+00 4.061125027925078547e-04
1.965112659999999956e+00 3.486744087129048722e-04
1.983777869999999943e+00 2.991267250175055946e-04
2.002540429999999816e+00 2.564198829043023205e-04
2.021400390000000158e+00 2.196387881522284858e-04
2.040357810000000160e+00 1.879866153039522246e-04
2.059412730000000025e+00 1.607700581351422290e-04
2.078565230000000152e+00 1.373862197505240136e-04
2.097815339999999917e+00 1.173115905529033477e-04
2.117163119999999843e+00 1.000916634031032181e-04
2.136608630000000009e+00 8.533237078793063485e-05
2.156151920000000111e+00 7.269225558016583768e-05
2.175793039999999845e+00 6.187581135298673518e-05
2.195532039999999796e+00 5.262735983613039807e-05
2.215368970000000104e+00 4.472596662923988397e-05
2.235303889999999960e+00 3.798088966708429155e-05
2.255336849999999949e+00 3.222758936663444986e-05
2.275467889999999827e+00 2.732416694076307757e-05
2.295697060000000178e+00 2.314849140535577460e-05
2.316024420000000195e+00 1.959544725543716179e-05
2.336450010000000077e+00 1.657462376313483706e-05
2.356973879999999966e+00 1.400838316119038654e-05
2.377596089999999940e+00 1.183008843633954884e-05
2.398316669999999817e+00 9.982616181224188525e-06
2.419135670000000182e+00 8.416974254480623477e-06
2.440053149999999782e+00 7.091262750757587071e-06
2.461069150000000150e+00 5.969619904352755954e-06
2.482183710000000154e+00 5.021405806292729501e-06
2.503396879999999936e+00 4.220456382543579198e-06
2.524708700000000139e+00 3.544449012580555344e-06
2.546119229999999956e+00 2.974358175206321407e-06
2.567628500000000091e+00 2.493979439633692267e-06
2.589236570000000182e+00 2.089524320454212299e-06
2.610943470000000044e+00 1.749269563980081649e-06
2.632749249999999819e+00 1.463257374403771492e-06
2.654653950000000151e+00 1.223036464469031057e-06
2.676657609999999909e+00 1.021438770412462381e-06
2.698760290000000062e+00 8.523924831668742047e-07
2.720962010000000042e+00 7.107568543839293461e-07
2.743262829999999930e+00 5.921835844213744104e-07
2.765662779999999987e+00 4.929985655555632620e-07
2.788161909999999910e+00 4.100988853747816172e-07
2.810760249999999960e+00 3.408670674427500069e-07
2.833457860000000217e+00 2.830966141811961629e-07
2.856254760000000115e+00 2.349295655135709622e-07
2.879150999999999794e+00 1.948023545477744996e-07
2.902146619999999899e+00 1.613997787423121378e-07
2.925241660000000188e+00 1.336178536535771819e-07
2.948436159999999973e+00 1.105297056598497432e-07
2.971730159999999898e+00 9.135783694286837634e-08
2.995123689999999783e+00 7.545095937904900607e-08
3.018616800000000211e+00 6.226383688724572547e-08
3.042209530000000051e+00 5.134034712483246320e-08
3.065901900000000069e+00 4.229934496935978874e-08
3.089693969999999901e+00 3.482249636273451266e-08
3.113585759999999869e+00 2.864426326454168658e-08
3.137577310000000175e+00 2.354325384513823285e-08
3.161668670000000070e+00 1.933510090411310083e-08
3.185859869999999816e+00 1.586635664431517143e-08
3.210150940000000119e+00 1.300943500304013418e-08
3.234541919999999848e+00 1.065835871553046033e-08
3.259032850000000092e+00 8.725139539822251646e-09
3.283623759999999780e+00 7.136813120149882779e-09
3.308314680000000063e+00 5.832921196529851315e-09
3.333105660000000192e+00 4.763401451580468311e-09
3.357996729999999985e+00 3.886847905707779312e-09
3.382987930000000087e+00 3.169031651369093385e-09
3.408079269999999994e+00 2.581690214825354701e-09
3.433270820000000167e+00 2.101501861126644649e-09
3.458562580000000164e+00 1.709237846880139759e-09
3.483954610000000063e+00 1.389065794498622489e-09
3.509446930000000187e+00 1.127946949973064805e-09
3.535039569999999909e+00 9.151652077352717319e-10
3.560732579999999814e+00 7.419156375218502997e-10
3.586525969999999841e+00 6.009692501739477207e-10
3.612419800000000070e+00 4.863969378066985651e-10
3.638414070000000056e+00 3.933400325802052917e-10
3.664508839999999879e+00 3.178201658098382079e-10
3.690704129999999861e+00 2.565826042587092006e-10
3.716999980000000203e+00 2.069669001743201499e-10
3.743396409999999896e+00 1.668003910010990206e-10
3.769893450000000090e+00 1.343099387443695217e-10
3.796491150000000037e+00 1.080501118651154617e-10
3.823189520000000119e+00 8.684325510089344803e-11
3.849988600000000094e+00 6.973095433381604768e-11
3.876888419999999780e+00 5.593369572674005299e-11
3.903889009999999882e+00 4.481824979137219388e-11
3.930990410000000157e+00 3.587035154518259605e-11
3.958192630000000101e+00 2.867303950259163732e-11
3.985495709999999914e+00 2.288824592575238782e-11
4.012899690000000241e+00 1.824228732767564926e-11
4.040404579999999690e+00 1.451369056253819495e-11
4.068010420000000238e+00 1.152347280983642226e-11
4.095717239999999926e+00 9.127034194118785161e-12
4.123525070000000348e+00 7.207676075683262895e-12
4.151433929999999606e+00 5.671329126407526702e-12
4.179443850000000182e+00 4.442193055494048629e-12
4.207554870000000058e+00 3.459254760489431448e-12
4.235767000000000060e+00 2.673445990745682835e-12
4.264080289999999884e+00 2.045337282228357656e-12
4.292494750000000359e+00 1.543269617355368366e-12
4.321010410000000412e+00 1.141846291417950164e-12
4.349627309999999802e+00 8.207125477914325118e-13
4.378345460000000244e+00 5.635663116239035315e-13
4.407164899999999719e+00 3.573634201918850703e-13
4.436085649999999880e+00 1.916748895260386819e-13
4.465107739999999659e+00 5.817041462996304588e-14
4.494231189999999820e+00 -4.979948936451301987e-14
4.523456040000000122e+00 -1.375377471015681721e-13
4.552782310000000443e+00 -2.092693995918001586e-13
4.582210019999999773e+00 -2.683593964967896229e-13
4.611739199999999705e+00 -3.174838024256407545e-13
4.641369870000000120e+00 -3.587706933806824273e-13
4.671102069999999884e+00 -3.939101005969732208e-13
4.700935819999999765e+00 -4.242436563893658049e-13
4.730871139999999642e+00 -4.508355443661779433e-13
4.760908050000000280e+00 -4.745293302557676942e-13
4.791046589999999661e+00 -4.959933495661782061e-13
4.821286780000000327e+00 -5.157567687378722602e-13
4.851628640000000381e+00 -5.342384344448212921e-13
4.882072199999999640e+00 -5.517697660750064951e-13
4.912617479999999759e+00 -5.686129603368004499e-13
4.943264499999999728e+00 -5.849754667209060725e-13
4.974013300000000193e+00 -6.010214855026448282e-13
5.004863890000000204e+00 -6.168810707776960516e-13
5.035816299999999579e+00 -6.326573649706241485e-13
5.066870549999999973e+00 -6.484322665860927829e-13
5.098026660000000376e+00 -6.642709749015084701e-13
5.129284659999999718e+00 -6.802255946821950904e-13
5.160644579999999593e+00 -6.963379295390059399e-13
5.192106429999999939e+00 -7.126416704231250930e-13
5.223670239999999687e+00 -7.291641818990215247e-13
5.255336040000000430e+00 -7.459278563004583280e-13
5.287103830000000393e+00 -7.629511966297399181e-13
5.318973660000000159e+00 -7.802497040599265042e-13
5.350945529999999728e+00 -7.978364976631194098e-13
5.383019469999999806e+00 -8.157228828394078863e-13
5.415195510000000212e+00 -8.339187476536576935e-13
5.447473669999999935e+00 -8.524328800622094148e-13
5.479853969999999741e+00 -8.712732264614527765e-13
5.512336419999999571e+00 -8.904470833140294298e-13
5.544921060000000068e+00 -9.099612754884330073e-13
5.577607900000000285e+00 -9.298222416671166600e-13
5.610396970000000039e+00 -9.500361582423102077e-13
5.643288280000000157e+00 -9.706089884422534944e-13
5.676281859999999568e+00 -9.915465644354976056e-13
5.709377739999999868e+00 -1.012854619724837311e-12
5.742575920000000167e+00 -1.034538804366808699e-12
5.775876430000000283e+00 -1.056604750561500819e-12
5.809279300000000035e+00 -1.079058074855527482e-12
5.842784540000000248e+00 -1.101904380913534476e-12
5.876392169999999915e+00 -1.125149292162426241e-12
5.910102219999999740e+00 -1.148798462301946216e-12
5.943914699999999662e+00 -1.172857562109631254e-12
5.977829640000000389e+00 -1.197332313614557446e-12
6.011847060000000020e+00 -1.222228473806268982e-12
6.045966960000000334e+00 -1.247551830441662906e-12
6.080189390000000138e+00 -1.273308257051641166e-12
6.114514350000000320e+00 -1.299503641122409842e-12
6.148941859999999870e+00 -1.326143937927410536e-12
6.183471950000000383e+00 -1.353235165261401951e-12
6.218104630000000022e+00 -1.380783381256586781e-12
6.252839930000000379e+00 -1.408794716852451104e-12
6.287677859999999619e+00 -1.437275344898241244e-12
6.322618440000000284e+00 -1.466231543317864355e-12
6.357661700000000415e+00 -1.495669669201764447e-12
6.392807640000000013e+00 -1.525596162933435864e-12
6.428056289999999784e+00 -1.556017565642589075e-12
6.463407669999999605e+00 -1.586940473707505022e-12
6.498861800000000244e+00 -1.618371547504469385e-12
6.534418689999999863e+00 -1.650317502770522868e-12
6.570078370000000056e+00 -1.682785137903342599e-12
6.605840849999999875e+00 -1.715781298430648273e-12
6.641706150000000086e+00 -1.749312904432639974e-12
6.677674289999999679e+00 -1.783386942030128524e-12
6.713745290000000310e+00 -1.818010463798732439e-12
6.749919160000000140e+00 -1.853190579395528351e-12
6.786195929999999876e+00 -1.888934485086048144e-12
6.822575610000000346e+00 -1.925249425258753417e-12
6.859058209999999711e+00 -1.962142711903863200e-12
6.895643770000000394e+00 -1.999621755953143053e-12
6.932332289999999730e+00 -2.037693996585230674e-12
6.969123790000000263e+00 -2.076366962451445377e-12
7.006018290000000093e+00 -2.115648252006942495e-12
7.043015800000000048e+00 -2.155545523085007291e-12
7.080116349999999947e+00 -2.196066525605529293e-12
7.117319949999999729e+00 -2.237219058866673275e-12
7.154626620000000159e+00 -2.279011004393687531e-12
7.192036380000000229e+00 -2.321450315656353345e-12
7.229549239999999877e+00 -2.364545006942835457e-12
7.267165209999999931e+00 -2.408303164773003825e-12
7.304884320000000208e+00 -2.452732972026955653e-12
7.342706589999999700e+00 -2.497842673849704906e-12
7.380632020000000182e+00 -2.543640565205422810e-12
7.418660639999999695e+00 -2.590135051316597368e-12
7.456792459999999956e+00 -2.637334588094596907e-12
7.495027499999999954e+00 -2.685247718883185155e-12
7.533365779999999567e+00 -2.733883062902886042e-12
7.571807299999999685e+00 -2.783249289857031236e-12
7.610352100000000064e+00 -2.833355197269418244e-12
7.649000169999999876e+00 -2.884209594954071901e-12
7.687751549999999767e+00 -2.935821435461097055e-12
7.726606239999999737e+00 -2.988199696492441949e-12
7.765564259999999663e+00 -3.041353460460109743e-12
7.804625620000000374e+00 -3.095291874892807513e-12
7.843790349999999911e+00 -3.150024194233168937e-12
7.883058459999999990e+00 -3.205559725058102741e-12
7.922429959999999660e+00 -3.261907853647383595e-12
7.961904869999999690e+00 -3.319078060998248067e-12
8.001483199999999130e+00 -3.377079894654832318e-12
8.041164970000000523e+00 -3.435922998131543874e-12
8.080950200000000194e+00 -3.495617097151401153e-12
8.120838889999999921e+00 -3.556171969573123376e-12
8.160831070000000409e+00 -3.617597521312779451e-12
8.200926750000000709e+00 -3.679903711344566235e-12
8.241125939999999872e+00 -3.743100581988605449e-12
8.281428670000000380e+00 -3.807198291360017725e-12
8.321834929999999630e+00 -3.872207018592433213e-12
8.362344759999999155e+00 -3.938137107905850155e-12
8.402958160000000731e+00 -4.004998924736312132e-12
8.443675150000000684e+00 -4.072802952926494184e-12
8.484495739999999842e+00 -4.141559746273517647e-12
8.525419949999999858e+00 -4.211279962308847147e-12
8.566447789999999785e+00 -4.281974329083657653e-12
8.607579270000000449e+00 -4.353653662193978945e-12
8.648814420000000780e+00 -4.426328900697625825e-12
8.690153240000000778e+00 -4.500011019965799505e-12
8.731595739999999495e+00 -4.574711101664223406e-12
8.773141949999999412e+00 -4.650440353556872114e-12
8.814791879999999580e+00 -4.727210037893523937e-12
8.856545540000000827e+00 -4.805031507333561402e-12
8.898402940000000427e+00 -4.883916205423175307e-12
8.940364100000000036e+00 -4.963875686234821582e-12
8.982429030000000481e+00 -5.044921577161662426e-12
9.024597740000000812e+00 -5.127065597933715116e-12
9.066870259999999959e+00 -5.210319600705462407e-12
9.109246589999999699e+00 -5.294695472614150055e-12
9.151726740000000859e+00 -5.380205213969353290e-12
9.194310729999999765e+00 -5.466860939826557078e-12
9.236998579999999848e+00 -5.554674860906071204e-12
9.279790289999999331e+00 -5.643659242286047405e-12
9.322685879999999869e+00 -5.733826486182028257e-12
9.365685369999999565e+00 -5.825189091979025113e-12
9.408788760000000195e+00 -5.917759613560273685e-12
9.451996069999999861e+00 -6.011550744795675032e-12
9.495307309999999390e+00 -6.106575256185262520e-12
9.538722489999999610e+00 -6.202846016490228489e-12
9.582241639999999450e+00 -6.300376038291098487e-12
9.625864749999999859e+00 -6.399178344267211899e-12
9.669591849999999766e+00 -6.499266146993405906e-12
9.713422939999999173e+00 -6.600652691494938327e-12
9.757358050000000560e+00 -6.703351393102828413e-12
9.801397169999999548e+00 -6.807375675431318090e-12
9.845540330000000395e+00 -6.912739157894270676e-12
9.889787529999999549e+00 -7.019455491481747657e-12
9.934138790000000441e+00 -7.127538478001402708e-12
9.978594129999999396e+00 -7.237002023613774054e-12
1.002315349999999938e+01 -7.347859964315284339e-12
1.006781709999999919e+01 -7.460126865921617504e-12
1.011258469999999932e+01 -7.573816321257139835e-12
1.015745639999999916e+01 -7.688942854541129657e-12
1.020243229999999990e+01 -7.805521105313271349e-12
1.024751230000000035e+01 -7.923565302756802388e-12
1.029269649999999992e+01 -8.043090303050513643e-12
1.033798490000000037e+01 -8.164110810981404740e-12
1.038337740000000053e+01 -8.286641367030774266e-12
1.042887409999999981e+01 -8.410697156287020242e-12
1.047447499999999998e+01 -8.536293205971337274e-12
1.052018020000000043e+01 -8.663444931409865889e-12
1.056598950000000059e+01 -8.792167020973886570e-12
1.061190309999999926e+01 -8.922475390980334485e-12
1.065792099999999998e+01 -9.054385514295259799e-12
1.070404309999999981e+01 -9.187912683519348511e-12
1.075026949999999992e+01 -9.323072878553117789e-12
1.079660020000000031e+01 -9.459881905777635407e-12
1.084303519999999921e+01 -9.598355683797850419e-12
1.088957450000000016e+01 -9.738510243960257973e-12
1.093621809999999961e+01 -9.880361730871656259e-12
1.098296599999999934e+01 -1.002392640291915877e-11
1.102981830000000052e+01 -1.016922094441380204e-11
1.107677490000000020e+01 -1.031626153732643625e-11
1.112383600000000072e+01 -1.046506542003313842e-11
1.117100130000000036e+01 -1.061564836740835018e-11
1.121827110000000083e+01 -1.076802817720980843e-11
1.126564529999999920e+01 -1.092222149335216827e-11
1.131312379999999962e+01 -1.107824506486710006e-11
1.136070680000000088e+01 -1.123611674631961873e-11
1.140839429999999943e+01 -1.139585386322579400e-11
1.145618610000000004e+01 -1.155747318085060752e-11
1.150408250000000088e+01 -1.172099327350914265e-11
1.155208320000000022e+01 -1.188643079706182370e-11
1.160018849999999979e+01 -1.205380458644815182e-11
1.164839830000000021e+01 -1.222313222596796158e-11
1.169671250000000029e+01 -1.239443140872904892e-11
1.174513119999999944e+01 -1.256772065611042121e-11
1.179365450000000060e+01 -1.274301862595581646e-11
1.184228230000000082e+01 -1.292034338062982940e-11
1.189101460000000010e+01 -1.309971346289005373e-11
1.193985149999999962e+01 -1.328114791344964355e-11
1.198879289999999997e+01 -1.346466515875965957e-11
1.203783899999999996e+01 -1.365028487786428721e-11
1.208698949999999961e+01 -1.383802498568502850e-11
1.213624470000000066e+01 -1.402790580546054088e-11
1.218560450000000017e+01 -1.421994626719727564e-11
1.223506889999999991e+01 -1.441416580927381524e-11
1.228463789999999989e+01 -1.461058399878536566e-11
1.233431150000000009e+01 -1.480922053209958465e-11
1.238408979999999993e+01 -1.501009564078868183e-11
1.243397269999999999e+01 -1.521322888344845962e-11
1.248396029999999968e+01 -1.541864076047124287e-11
1.253405260000000077e+01 -1.562635150219985696e-11
1.258424950000000031e+01 -1.583638105090034108e-11
1.263455109999999948e+01 -1.604875031463016378e-11
1.268495749999999944e+01 -1.626348034991768087e-11
1.273546849999999964e+01 -1.648059106732540896e-11
1.278608430000000062e+01 -1.670010422358216307e-11
1.283680479999999946e+01 -1.692204042292548828e-11
1.288762999999999970e+01 -1.714642083312266606e-11
1.293856000000000073e+01 -1.737326720551634103e-11
1.298959469999999961e+01 -1.760260054139285580e-11
1.304073419999999928e+01 -1.783444287424654967e-11
1.309197849999999974e+01 -1.806881593220495580e-11
1.314332749999999983e+01 -1.830574111861350868e-11
1.319478140000000010e+01 -1.854524136225097242e-11
1.324634009999999940e+01 -1.878733834954178764e-11
1.329800359999999948e+01 -1.903205436667249688e-11
1.334977190000000036e+01 -1.927941184079541364e-11
1.340164500000000025e+01 -1.952943334061141627e-11
1.345362300000000033e+01 -1.978214206524477302e-11
1.350570579999999943e+01 -2.003756038843109388e-11
1.355789350000000049e+01 -2.029571180390036337e-11
1.361018609999999995e+01 -2.055661946535741566e-11
1.366258359999999961e+01 -2.082030667115203240e-11
1.371508590000000005e+01 -2.108679635511761992e-11
1.376769310000000068e+01 -2.135611260767088794e-11
1.382040529999999912e+01 -2.162827968309313534e-11
1.387322239999999951e+01 -2.190332095448310178e-11
1.392614430000000070e+01 -2.218125992488574315e-11
1.397917130000000085e+01 -2.246212235522566642e-11
1.403230310000000003e+01 -2.274593099072772454e-11
1.408553990000000056e+01 -2.303271137665508087e-11
1.413888170000000066e+01 -2.332248815361197144e-11
1.419232850000000035e+01 -2.361528611298198681e-11
1.424588020000000022e+01 -2.391112964277161670e-11
1.429953689999999966e+01 -2.421004438318269055e-11
1.435329860000000046e+01 -2.451205558147911463e-11
1.440716530000000084e+01 -2.481718863812681632e-11
1.446113710000000019e+01 -2.512546968096543693e-11
1.451521379999999972e+01 -2.543692327634017809e-11
1.456939560000000000e+01 -2.575157643993824812e-11
1.462368239999999986e+01 -2.606945461765885728e-11
1.467807430000000046e+01 -2.639058457805516033e-11
1.473257120000000064e+01 -2.671499207067034385e-11
1.478717319999999980e+01 -2.704270418832152956e-11
1.484188020000000030e+01 -2.737374698654322510e-11
1.489669239999999917e+01 -2.770814849758446900e-11
1.495160959999999939e+01 -2.804593448277169708e-11
1.500663199999999975e+01 -2.838713331395203713e-11
1.506175939999999969e+01 -2.873177105332309821e-11
1.511699190000000037e+01 -2.907987578225754523e-11
1.517232959999999942e+01 -2.943147576449780970e-11
1.522777239999999921e+01 -2.978659816088100890e-11
1.528332039999999914e+01 -3.014527157152182402e-11
1.533897349999999982e+01 -3.050752347429205540e-11
1.539473169999999946e+01 -3.087338214953762693e-11
1.545059509999999925e+01 -3.124287670684113583e-11
1.550656369999999917e+01 -3.161603577347173842e-11
1.556263749999999924e+01 -3.199288814331949464e-11
1.561881640000000004e+01 -3.237346209740591522e-11
1.567510060000000038e+01 -3.275778811960863108e-11
1.573148989999999969e+01 -3.314589414177242846e-11
1.578798450000000031e+01 -3.353781100713941305e-11
1.584458429999999929e+01 -3.393356766672963320e-11
1.590128930000000018e+01 -3.433319392755920683e-11
1.595809960000000061e+01 -3.473672048083809426e-11
1.601501499999999822e+01 -3.514417605584333263e-11
1.607203579999999832e+01 -3.555559313102890524e-11
1.612916179999999855e+01 -3.597100077568590049e-11
1.618639310000000009e+01 -3.639043039470277362e-11
1.624372960000000177e+01 -3.681391210733589629e-11
1.630117149999999882e+01 -3.724147842663778051e-11
1.635871859999999955e+01 -3.767315907558534627e-11
1.641637100000000160e+01 -3.810898618376947015e-11
1.647412870000000140e+01 -3.854899131646527693e-11
1.653199169999999896e+01 -3.899320621675023478e-11
1.658996009999999899e+01 -3.944166358275749671e-11
1.664803380000000033e+01 -3.989439475049498634e-11
1.670621279999999942e+01 -4.035143200050040650e-11
1.676449720000000099e+01 -4.081280858837052403e-11
1.682288690000000031e+01 -4.127855637372114291e-11
1.688138199999999856e+01 -4.174870898730899676e-11
1.693998240000000166e+01 -4.222329864100477925e-11
1.699868820000000014e+01 -4.270235934352462200e-11
1.705749940000000109e+01 -4.318592448686560416e-11
1.711641600000000096e+01 -4.367402764766923738e-11
1.717543799999999976e+01 -4.416670258789261301e-11
1.723456529999999987e+01 -4.466398241128658447e-11
1.729379810000000006e+01 -4.516590293449100260e-11
1.735313629999999918e+01 -4.567249764157264007e-11
1.741257990000000078e+01 -4.618380104248494556e-11
1.747212899999999891e+01 -4.669984870569425725e-11
1.753178349999999952e+01 -4.722067466237867995e-11
1.759154339999999905e+01 -4.774631399070121181e-11
1.765140879999999868e+01 -4.827680284897476907e-11
1.771137969999999839e+01 -4.881217671731370795e-11
1.777145600000000059e+01 -4.935247036547424446e-11
1.783163779999999932e+01 -4.989772054818976801e-11
1.789192510000000169e+01 -5.044796332445347004e-11
1.795231790000000061e+01 -5.100323494762828557e-11
1.801281609999999844e+01 -5.156357093653763141e-11
1.807341990000000109e+01 -5.212900978772581800e-11
1.813412909999999911e+01 -5.269958647570914986e-11
1.819494389999999839e+01 -5.327533991790510368e-11
1.825586420000000132e+01 -5.385630641346432488e-11
1.831689009999999840e+01 -5.444252436057784333e-11
1.837802149999999912e+01 -5.503403044249076531e-11
1.843925839999999994e+01 -5.563086249254962596e-11
1.850060080000000085e+01 -5.623305854471735225e-11
1.856204890000000063e+01 -5.684065881900735675e-11
1.862360250000000050e+01 -5.745369979663545187e-11
1.868526160000000047e+01 -5.807222011784821014e-11
1.874702639999999931e+01 -5.869626065426084583e-11
1.880889669999999825e+01 -5.932585845484461159e-11
1.887087259999999844e+01 -5.996105380103584967e-11
1.893295409999999990e+01 -6.060188617331542426e-11
1.899514119999999906e+01 -6.124839525865037485e-11
1.905743389999999948e+01 -6.190062095120489093e-11
1.911983229999999878e+01 -6.255860441127919951e-11
1.918233620000000172e+01 -6.322238384062947230e-11
1.924494579999999999e+01 -6.389200188333476056e-11
1.930766110000000069e+01 -6.456749929225854961e-11
1.937048190000000147e+01 -6.524891485424242163e-11
1.943340849999999875e+01 -6.593629298741920939e-11
1.949644059999999968e+01 -6.662967179103814894e-11
1.955957850000000064e+01 -6.732909615464201981e-11
1.962282199999999932e+01 -6.803460567747569358e-11
1.968617120000000043e+01 -6.874624349281041885e-11
1.974962610000000041e+01 -6.946405184536204648e-11
1.981318660000000165e+01 -7.018807205285354916e-11
1.987685289999999938e+01 -7.091834907104144650e-11
1.994062479999999837e+01 -7.165492350087481598e-11
2.000450250000000096e+01 -7.239784076571652781e-11
2.006848589999999888e+01 -7.314714304690928266e-11
2.013257490000000161e+01 -7.390287271328756325e-11
2.019676979999999844e+01 -7.466507708714347172e-11
2.026107030000000009e+01 -7.543379661246141695e-11
2.032547659999999823e+01 -7.620907789601561502e-11
2.038998859999999880e+01 -7.699096418485174263e-11
2.045460639999999941e+01 -7.777950136531033755e-11
2.051933000000000007e+01 -7.857473434851740239e-11
2.058415929999999960e+01 -7.937670702947981920e-11
2.064909430000000157e+01 -8.018546474498419388e-11
2.071413520000000119e+01 -8.100105557462957581e-11
2.077928179999999969e+01 -8.182352282643260766e-11
2.084453429999999940e+01 -8.265291506949418604e-11
2.090989250000000155e+01 -8.348927603466281896e-11
2.097535650000000018e+01 -8.433265349123494031e-11
2.104092629999999886e+01 -8.518309417212288193e-11
2.110660190000000114e+01 -8.604064504136788249e-11
2.117238340000000107e+01 -8.690535461381506702e-11
2.123827059999999989e+01 -8.777726768902906712e-11
2.130426369999999991e+01 -8.865643457574243491e-11
2.137036270000000115e+01 -8.954290319686497649e-11
2.143656749999999889e+01 -9.043672035591140928e-11
2.150287810000000022e+01 -9.133793441983535292e-11
2.156929459999999921e+01 -9.224659536468407680e-11
2.163581689999999824e+01 -9.316275067660113432e-11
2.170244509999999849e+01 -9.408645082519075288e-11
2.176917919999999995e+01 -9.501774515545622300e-11
2.183601910000000146e+01 -9.595668184278015404e-11
2.190296490000000063e+01 -9.690331210325082486e-11
2.197001669999999862e+01 -9.785768743133547703e-11
2.203717430000000022e+01 -9.881985528891864086e-11
2.210443779999999947e+01 -9.978986764604075637e-11
2.217180719999999994e+01 -1.007677752976836842e-10
2.223928250000000162e+01 -1.017536292832193444e-10
2.230686379999999858e+01 -1.027474823625757913e-10
2.237455089999999913e+01 -1.037493831250680313e-10
2.244234399999999852e+01 -1.047593863083860409e-10
2.251024299999999911e+01 -1.057775424619835241e-10
2.257824799999999854e+01 -1.068039053731129025e-10
2.264635889999999918e+01 -1.078385260694415037e-10
2.271457579999999865e+01 -1.088814588569245714e-10
2.278289859999999933e+01 -1.099327552443915808e-10
2.285132739999999885e+01 -1.109924700598297026e-10
2.291986209999999957e+01 -1.120606552961879371e-10
2.298850279999999913e+01 -1.131373663068253949e-10
2.305724950000000106e+01 -1.142226571555024683e-10
2.312610219999999828e+01 -1.153165821608424009e-10
2.319506080000000026e+01 -1.164191942930834652e-10
2.326412549999999868e+01 -1.175305515808093084e-10
2.333329609999999832e+01 -1.186507058935874591e-10
2.340257280000000151e+01 -1.197797158162120127e-10
2.347195549999999997e+01 -1.209176353392740405e-10
2.354144420000000082e+01 -1.220645203272780045e-10
2.361103890000000050e+01 -1.232204269051700853e-10
2.368073959999999900e+01 -1.243854114591405740e-10
2.375054640000000106e+01 -1.255595323246736041e-10
2.382045919999999839e+01 -1.267428447468547385e-10
2.389047800000000166e+01 -1.279354059005789106e-10
2.396060290000000137e+01 -1.291372749444663151e-10
2.403083390000000108e+01 -1.303485096154620349e-10
2.410117089999999962e+01 -1.315691661760399715e-10
2.417161390000000054e+01 -1.327993028641071383e-10
2.424216309999999908e+01 -1.340389817105699209e-10
2.431281829999999999e+01 -1.352882580081541088e-10
2.438357960000000091e+01 -1.365471925852692294e-10
2.445444690000000065e+01 -1.378158429933352312e-10
2.452542040000000156e+01 -1.390942724310707187e-10
2.459649990000000130e+01 -1.403825371863128380e-10
2.466768559999999866e+01 -1.416807010472829424e-10
2.473897739999999956e+01 -1.429888226442823653e-10
2.481037519999999930e+01 -1.443069608371537419e-10
2.488187920000000020e+01 -1.456351803053094272e-10
2.495348930000000109e+01 -1.469735404715093237e-10
2.502520559999999961e+01 -1.483221047622339687e-10
2.509702790000000050e+01 -1.496809312348786537e-10
2.516895639999999901e+01 -1.510500857702799457e-10
2.524099100000000107e+01 -1.524296288588234011e-10
2.531313180000000074e+01 -1.538196250900420494e-10
2.538537880000000158e+01 -1.552201374372705256e-10
2.545773180000000124e+01 -1.566312252438072034e-10
2.553019109999999969e+01 -1.580529578814905844e-10
2.560275650000000169e+01 -1.594853952486833153e-10
2.567542810000000131e+01 -1.609286034089622389e-10
2.574820580000000092e+01 -1.623826447514758154e-10
2.582108979999999931e+01 -1.638475879516338047e-10
2.589407990000000126e+01 -1.653234939563820085e-10
2.596717620000000082e+01 -1.668104300247020620e-10
2.604037870000000154e+01 -1.683084617007078975e-10
2.611368739999999988e+01 -1.698176548184251039e-10
2.618710229999999939e+01 -1.713380755026396920e-10
2.626062340000000006e+01 -1.728697901697463941e-10
2.633425079999999951e+01 -1.744128676306212274e-10
2.640798429999999897e+01 -1.759673706958939773e-10
2.648182410000000075e+01 -1.775333708785557406e-10
2.655577010000000016e+01 -1.791109336680988703e-10
2.662982230000000072e+01 -1.807001269519113212e-10
2.670398080000000007e+01 -1.823010210792265783e-10
2.677824550000000059e+01 -1.839136823922086510e-10
2.685261649999999989e+01 -1.855381818619229640e-10
2.692709370000000035e+01 -1.871745864030546968e-10
2.700167719999999960e+01 -1.888229676121697342e-10
2.707636690000000002e+01 -1.904833929796986467e-10
2.715116289999999921e+01 -1.921559347313873629e-10
2.722606520000000074e+01 -1.938406631924452508e-10
2.730107369999999989e+01 -1.955376467230704222e-10
2.737618859999999898e+01 -1.972469607820110648e-10
2.745140969999999925e+01 -1.989686720576815996e-10
2.752673709999999829e+01 -2.007028543652091539e-10
2.760217079999999967e+01 -2.024495795581943039e-10
2.767771079999999984e+01 -2.042089197985675188e-10
2.775335709999999878e+01 -2.059809475574645248e-10
2.782910970000000006e+01 -2.077657356161034268e-10
2.790496860000000012e+01 -2.095633570666621661e-10
2.798093379999999897e+01 -2.113738853131575806e-10
2.805700540000000132e+01 -2.131973964763095641e-10
2.813318320000000128e+01 -2.150339597923108370e-10
2.820946749999999881e+01 -2.168836568595739316e-10
2.828585800000000106e+01 -2.187465550850528844e-10
2.836235489999999970e+01 -2.206227343227979263e-10
2.843895810000000068e+01 -2.225122674350644441e-10
2.851566770000000162e+01 -2.244152325216241004e-10
2.859248360000000133e+01 -2.263317030539196546e-10
2.866940590000000100e+01 -2.282617577990465149e-10
2.874643449999999945e+01 -2.302054708409596916e-10
2.882356959999999901e+01 -2.321629241627656062e-10
2.890081089999999975e+01 -2.341341873889295354e-10
2.897815870000000160e+01 -2.361193457369312636e-10
2.905561279999999869e+01 -2.381184719810640239e-10
2.913317340000000044e+01 -2.401316495164033675e-10
2.921084030000000098e+01 -2.421589517110646583e-10
2.928861360000000147e+01 -2.442004600400141138e-10
2.936649329999999836e+01 -2.462562537181468469e-10
2.944447939999999875e+01 -2.483264122895124714e-10
2.952257189999999909e+01 -2.504110156282196763e-10
2.960077079999999938e+01 -2.525101439393434868e-10
2.967907609999999963e+01 -2.546238777598337166e-10
2.975748779999999982e+01 -2.567522979594229528e-10
2.983600600000000114e+01 -2.588954884786688819e-10
2.991463059999999885e+01 -2.610535281489213714e-10
2.999336160000000007e+01 -2.632264988439210030e-10
3.007219909999999885e+01 -2.654144855568325415e-10
3.015114300000000114e+01 -2.676175680830149616e-10
3.023019329999999982e+01 -2.698358293084474416e-10
3.030935009999999963e+01 -2.720693552877148136e-10
3.038861340000000055e+01 -2.743182296328975690e-10
3.046798300000000026e+01 -2.765825305760945288e-10
3.054745919999999870e+01 -2.788623509480107426e-10
3.062704180000000065e+01 -2.811577696502782025e-10
3.070673090000000016e+01 -2.834688745264607688e-10
3.078652650000000079e+01 -2.857957509045360363e-10
3.086642850000000138e+01 -2.881384815185122168e-10
3.094643699999999953e+01 -2.904971552972592673e-10
3.102655199999999880e+01 -2.928718586094556301e-10
3.110677349999999919e+01 -2.952626781726074471e-10
3.118710150000000070e+01 -2.976697010539812057e-10
3.126753599999999977e+01 -3.000930146715389185e-10
3.134807699999999997e+01 -3.025327067948735092e-10
3.142872450000000129e+01 -3.049888655461458014e-10
3.150947850000000017e+01 -3.074615794010228002e-10
3.159033900000000017e+01 -3.099509371896169555e-10
3.167130600000000129e+01 -3.124570280974273387e-10
3.175237949999999998e+01 -3.149799416662812323e-10
3.183355960000000096e+01 -3.175197709323084076e-10
3.191484619999999950e+01 -3.200766030494954684e-10
3.199623940000000033e+01 -3.226505318053231353e-10
3.207773900000000111e+01 -3.252416418519614090e-10
3.215934529999999825e+01 -3.278500340908248103e-10
3.224105800000000244e+01 -3.304757906586028502e-10
3.232287730000000181e+01 -3.331190100452540362e-10
3.240480320000000347e+01 -3.357797847294791381e-10
3.248683559999999915e+01 -3.384582042815093733e-10
3.256897459999999711e+01 -3.411543651505001992e-10
3.265122010000000330e+01 -3.438683576050334257e-10
3.273357229999999873e+01 -3.466002821901133163e-10
3.281603090000000122e+01 -3.493502232415557320e-10
3.289859620000000007e+01 -3.521182854220682161e-10
3.298126810000000120e+01 -3.549045604608357925e-10
3.306404650000000345e+01 -3.577091403882054187e-10
3.314693150000000088e+01 -3.605321243656515251e-10
3.322992310000000060e+01 -3.633736085671579605e-10
3.331302130000000261e+01 -3.662336895415975289e-10
3.339622609999999980e+01 -3.691124642137004630e-10
3.347953749999999928e+01 -3.720100298850256377e-10
3.356295550000000105e+01 -3.749264842349301288e-10
3.364648019999999917e+01 -3.778619288451619706e-10
3.373011139999999841e+01 -3.808164551247317136e-10
3.381384930000000111e+01 -3.837901689579908709e-10
3.389769369999999782e+01 -3.867831624428589911e-10
3.398164479999999799e+01 -3.897955423018490227e-10
3.406570260000000161e+01 -3.928274085575639146e-10
3.414986689999999925e+01 -3.958788543477627091e-10
3.423413800000000151e+01 -3.989499913145982459e-10
3.431851559999999779e+01 -4.020409096770948586e-10
3.440299989999999752e+01 -4.051517182732680216e-10
3.448759079999999955e+01 -4.082825153496049347e-10
3.457228839999999792e+01 -4.114334069256253511e-10
3.465709269999999975e+01 -4.146044957391842199e-10
3.474200359999999677e+01 -4.177958811519658365e-10
3.482702110000000317e+01 -4.210076666287944342e-10
3.491214540000000000e+01 -4.242399636417024060e-10
3.499737629999999911e+01 -4.274928689076914617e-10
3.508271390000000167e+01 -4.307664909213943442e-10
3.516815809999999942e+01 -4.340609309214479298e-10
3.525370910000000180e+01 -4.373763021211571869e-10
3.533936669999999935e+01 -4.407127026707123605e-10
3.542513100000000037e+01 -4.440702427362763279e-10
3.551100199999999774e+01 -4.474490290194720046e-10
3.559697969999999856e+01 -4.508491686238593437e-10
3.568306410000000284e+01 -4.542707690559405673e-10
3.576925520000000347e+01 -4.577139382261632774e-10
3.585555300000000045e+01 -4.611787844499298239e-10
3.594195750000000089e+01 -4.646654164486030003e-10
3.602846879999999885e+01 -4.681739474162806412e-10
3.611508669999999910e+01 -4.717044787781935779e-10
3.620181139999999687e+01 -4.752571286317768917e-10
3.628864279999999809e+01 -4.788320032668073540e-10
3.637558090000000277e+01 -4.824292134498460328e-10
3.646262569999999670e+01 -4.860488703594883756e-10
3.654977730000000236e+01 -4.896910897769803067e-10
3.663703559999999726e+01 -4.933559795602591241e-10
3.672440069999999679e+01 -4.970436563618577723e-10
3.681187249999999977e+01 -5.007542288295617430e-10
3.689945110000000028e+01 -5.044878144915861218e-10
3.698713639999999714e+01 -5.082445227893417077e-10
3.707492839999999745e+01 -5.120244678149113332e-10
3.716282729999999646e+01 -5.158277727557877368e-10
3.725083279999999775e+01 -5.196545395970564586e-10
3.733894519999999773e+01 -5.235048967721512178e-10
3.742716430000000116e+01 -5.273789513856479521e-10
3.751549020000000212e+01 -5.312768240655568827e-10
3.760392290000000060e+01 -5.351986315066582731e-10
3.769246230000000253e+01 -5.391444863630558041e-10
3.778110850000000198e+01 -5.431145106079646493e-10
3.786986160000000012e+01 -5.471088267311197846e-10
3.795872140000000172e+01 -5.511275441398489624e-10
3.804768800000000084e+01 -5.551707861628624360e-10
3.813676130000000342e+01 -5.592386674934234317e-10
3.822594149999999757e+01 -5.633313169696310064e-10
3.831522850000000346e+01 -5.674488501742474420e-10
3.840462229999999977e+01 -5.715913876809876513e-10
3.849412290000000070e+01 -5.757590504997999922e-10
3.858373040000000032e+01 -5.799519647684502406e-10
3.867344460000000339e+01 -5.841702430141668400e-10
3.876326559999999688e+01 -5.884140122297556218e-10
3.885319350000000327e+01 -5.926833999396091077e-10
3.894322820000000007e+01 -5.969785246375330595e-10
3.903336980000000267e+01 -6.012995147782580988e-10
3.912361810000000162e+01 -6.056464848679586360e-10
3.921397329999999926e+01 -6.100195690780309786e-10
3.930443540000000269e+01 -6.144188924620275632e-10
3.939500420000000247e+01 -6.188445707242680680e-10
3.948568000000000211e+01 -6.232967444381512017e-10
3.957646249999999810e+01 -6.277755252364715994e-10
3.966735200000000106e+01 -6.322810547329382847e-10
3.975834820000000036e+01 -6.368134453203290405e-10
3.984945139999999952e+01 -6.413728396579304846e-10
3.994066140000000331e+01 -6.459593559422419856e-10
4.003197819999999751e+01 -6.505731227619484140e-10
4.012340199999999868e+01 -6.552142793381716486e-10
4.021493259999999736e+01 -6.598829450907619668e-10
4.030657010000000184e+01 -6.645792551149782962e-10
4.039831439999999674e+01 -6.693033347392381598e-10
4.049016559999999743e+01 -6.740553200258964235e-10
4.058212379999999797e+01 -6.788353475960217213e-10
4.067418880000000314e+01 -6.836435389266023368e-10
4.076636069999999989e+01 -6.884800315397425443e-10
4.085863940000000127e+01 -6.933449529517751277e-10
4.095102510000000251e+01 -6.982384469727889107e-10
4.104351770000000243e+01 -7.031606420759353100e-10
4.113611720000000105e+01 -7.081116724616145841e-10
4.122882359999999835e+01 -7.130916727989594320e-10
4.132163690000000145e+01 -7.181007782269218053e-10
4.141455710000000323e+01 -7.231391243553598236e-10
4.150758419999999660e+01 -7.282068472661283086e-10
4.160071829999999693e+01 -7.333040889999277433e-10
4.169395920000000189e+01 -7.384309756399308102e-10
4.178730709999999959e+01 -7.435876556877931423e-10
4.188076190000000310e+01 -7.487742616387831845e-10
4.197432369999999935e+01 -7.539909375399581877e-10
4.206799230000000023e+01 -7.592378111771517560e-10
4.216176800000000213e+01 -7.645150388108292215e-10
4.225565050000000156e+01 -7.698227434952317637e-10
4.234964000000000084e+01 -7.751610769172614238e-10
4.244373639999999881e+01 -7.805301742992271084e-10
4.253793979999999664e+01 -7.859301827334939898e-10
4.263225020000000143e+01 -7.913612441315210604e-10
4.272666739999999663e+01 -7.968234892945717717e-10
4.282119169999999997e+01 -8.023170784244251394e-10
4.291582290000000199e+01 -8.078421432722058318e-10
4.301056109999999677e+01 -8.133988335012691720e-10
4.310540619999999734e+01 -8.189872875620680613e-10
4.320035829999999777e+01 -8.246076561547109507e-10
4.329541739999999805e+01 -8.302600846208988356e-10
4.339058339999999703e+01 -8.359447128099517751e-10
4.348585649999999703e+01 -8.416616990005820734e-10
4.358123650000000282e+01 -8.474111780202102640e-10
4.367672350000000137e+01 -8.531933031823831692e-10
4.377231749999999977e+01 -8.590082223127474087e-10
4.386801839999999686e+01 -8.648560776127616750e-10
4.396382640000000208e+01 -8.707370301306359500e-10
4.405974129999999889e+01 -8.766512169192749171e-10
4.415576329999999672e+01 -8.825988001439743656e-10
4.425189230000000151e+01 -8.885799239905156287e-10
